1 0.630488 0.680077 0.0414634 0.126437
1 0.943902 0.33908 0.0439024 0.0957854
1 0.387805 0.678161 0.0487805 0.122605
1 0.639024 0.440613 0.0292683 0.114943
1 0.515854 0.166667 0.0365854 0.0957854
0 0.697561 0.442529 0.0292683 0.118774
1 0.353659 0.346743 0.0390244 0.0881226
0 0.495122 0.680077 0.0390244 0.126437
1 0.369512 0.170498 0.0365854 0.103448
1 0.408537 0.676245 0.0414634 0.126437
1 0.663415 0.440613 0.0341463 0.114943
1 0.895122 0.687739 0.0439024 0.126437
1 0.969512 0.683908 0.0463415 0.126437
1 0.585366 0.442529 0.0341463 0.118774
1 0.385366 0.170498 0.0390244 0.0957854
1 0.563415 0.335249 0.0341463 0.0957854
1 0.654878 0.166667 0.0317073 0.0881226
1 0.891463 0.335249 0.0365854 0.0957854
1 0.87561 0.16092 0.0292683 0.10728
1 0.368293 0.440613 0.0439024 0.130268
1 0.990244 0.157088 0.0195122 0.10728
1 0.328049 0.170498 0.0414634 0.103448
1 0.667073 0.329502 0.0317073 0.0996169
1 0.569512 0.681992 0.0365854 0.130268
1 0.803659 0.16092 0.0317073 0.0842912
1 0.841463 0.333333 0.0292683 0.0996169
1 0.77439 0.16092 0.0268293 0.091954
1 0.385366 0.346743 0.0439024 0.0881226
1 0.457317 0.340996 0.0365854 0.091954
1 0.756098 0.333333 0.0341463 0.0996169
1 0.468293 0.168582 0.0390244 0.0996169
1 0.534146 0.680077 0.0390244 0.126437
1 0.92561 0.337165 0.0414634 0.091954
1 0.419512 0.170498 0.0390244 0.103448
0 0.846341 0.444444 0.0292683 0.114943
1 0.643902 0.329502 0.0341463 0.0996169
0 0.701219 0.331418 0.0365854 0.0957854
1 0.754878 0.16092 0.0317073 0.0842912
1 0.958537 0.159004 0.0390244 0.103448
1 0.986585 0.440613 0.0268293 0.122605
1 0.82561 0.16092 0.0268293 0.0996169
1 0.660976 0.678161 0.0341463 0.130268
1 0.403659 0.344828 0.0414634 0.091954
1 0.326829 0.436782 0.0487805 0.137931
1 0.701219 0.162835 0.0317073 0.0881226
1 0.856098 0.16092 0.0341463 0.091954
1 0.608537 0.166667 0.0317073 0.0957854
1 0.864634 0.333333 0.0365854 0.091954
1 0.491463 0.442529 0.0414634 0.126437
1 0.0682927 0.348659 0.0439024 0.091954
0 0.839024 0.337165 0.0292683 0.0996169
1 0.437805 0.344828 0.0414634 0.091954
0 0.542683 0.867816 0.0463415 0.1341
1 0.280488 0.678161 0.0536585 0.122605
0 0.517073 0.867816 0.0536585 0.1341
1 0.720732 0.440613 0.0317073 0.114943
0 0.395122 0.869732 0.0536585 0.137931
1 0.336585 0.344828 0.0439024 0.0842912
1 0.321951 0.678161 0.0439024 0.122605
1 0.907317 0.162835 0.0341463 0.103448
1 0.284146 0.17433 0.0414634 0.103448
1 0.485366 0.340996 0.0390244 0.091954
1 0.719512 0.678161 0.0439024 0.130268
1 0.785366 0.333333 0.0292683 0.0996169
1 0.215854 0.67433 0.0512195 0.130268
1 0.790244 0.683908 0.0390244 0.1341
1 0.429268 0.444444 0.0487805 0.122605
1 0.786585 0.444444 0.0268293 0.114943
1 0.830488 0.685824 0.0414634 0.130268
1 0.512195 0.33908 0.0341463 0.0957854
1 0.12439 0.442529 0.0487805 0.126437
1 0.813415 0.333333 0.0317073 0.0996169
1 0.758537 0.442529 0.0341463 0.111111
1 0.590244 0.333333 0.0390244 0.0996169
1 0.0609756 0.681992 0.0487805 0.114943
0 0.364634 0.871648 0.0560976 0.141762
1 0.302439 0.348659 0.0439024 0.091954
1 0.0731707 0.438697 0.0487805 0.126437
1 0.0146341 0.678161 0.0292683 0.122605
1 0.0963415 0.348659 0.0463415 0.091954
1 0.542683 0.335249 0.0414634 0.0957854
1 0.612195 0.329502 0.0341463 0.0996169
1 0.214634 0.442529 0.0439024 0.1341
1 0.259756 0.442529 0.0463415 0.1341
1 0.815854 0.444444 0.0365854 0.114943
1 0.30122 0.871648 0.0756098 0.149425
1 0.119512 0.348659 0.0439024 0.091954
1 0.22439 0.35249 0.0439024 0.091954
0 0.460976 0.867816 0.0536585 0.1341
1 0.760976 0.681992 0.0341463 0.130268
1 0.167073 0.348659 0.0463415 0.091954
1 0.25 0.348659 0.0414634 0.091954
1 0.157317 0.670498 0.0463415 0.122605
1 0.0646341 0.867816 0.0707317 0.149425
1 0.981707 0.33908 0.0365854 0.0957854
1 0.214634 0.871648 0.0682927 0.141762
1 0.142683 0.867816 0.0707317 0.1341
