1 0.123171 0.166667 0.0414634 0.103448
1 0.508537 0.699234 0.0365854 0.1341
0 0.6 0.695402 0.0341463 0.1341
0 0.737805 0.16092 0.0317073 0.0996169
0 0.587805 0.335249 0.0341463 0.103448
1 0.532927 0.44636 0.0317073 0.118774
1 0.481707 0.16092 0.0317073 0.0996169
1 0.0658537 0.44636 0.0487805 0.1341
0 0.780488 0.155172 0.0341463 0.103448
1 0.565854 0.16092 0.0390244 0.0996169
1 0.0341463 0.444444 0.0439024 0.122605
0 0.689024 0.44636 0.0268293 0.118774
0 0.192683 0.168582 0.0341463 0.10728
0 0.557317 0.335249 0.0365854 0.0957854
0 0.804878 0.153257 0.0341463 0.10728
1 0.882927 0.434866 0.0487805 0.1341
0 0.412195 0.699234 0.0390244 0.126437
1 0.484146 0.448276 0.0414634 0.122605
0 0.863415 0.155172 0.0341463 0.111111
1 0.585366 0.44636 0.0292683 0.118774
0 0.703659 0.695402 0.0463415 0.1341
0 0.809756 0.701149 0.0390244 0.137931
1 0.770732 0.701149 0.0439024 0.130268
1 0.423171 0.44636 0.0365854 0.126437
0 0.708537 0.159004 0.0317073 0.0957854
0 0.384146 0.699234 0.0365854 0.126437
1 0.821951 0.43295 0.0439024 0.130268
1 0.378049 0.44636 0.0439024 0.126437
1 0.582927 0.16092 0.0292683 0.091954
0 0.856098 0.701149 0.0487805 0.137931
0 0.385366 0.890805 0.0682927 0.141762
1 0.0719512 0.348659 0.0512195 0.0996169
0 0.685366 0.157088 0.0292683 0.091954
1 0.441463 0.448276 0.0390244 0.122605
0 0.991463 0.444444 0.0170732 0.145594
1 0.540244 0.699234 0.0317073 0.1341
0 0.685366 0.329502 0.0292683 0.091954
1 0.386585 0.342912 0.0463415 0.0957854
1 0.436585 0.340996 0.0439024 0.091954
0 0.557317 0.16092 0.0317073 0.10728
0 0.909756 0.155172 0.0341463 0.103448
0 0.967073 0.699234 0.0463415 0.1341
1 0.335366 0.444444 0.0365854 0.130268
0 0.879268 0.151341 0.0365854 0.111111
0 0.418293 0.16092 0.0414634 0.10728
0 0.670732 0.331418 0.0292683 0.0957854
1 0.936585 0.331418 0.0439024 0.103448
1 0.467073 0.16092 0.0414634 0.0996169
0 0.486585 0.33908 0.0414634 0.0957854
1 0.946341 0.442529 0.0487805 0.141762
1 0.621951 0.155172 0.0341463 0.0881226
1 0.659756 0.697318 0.0414634 0.137931
1 0.547561 0.448276 0.0414634 0.122605
0 0.378049 0.164751 0.0390244 0.10728
0 0.834146 0.155172 0.0341463 0.111111
1 0.309756 0.444444 0.0390244 0.137931
1 0.217073 0.166667 0.0439024 0.103448
1 0.614634 0.335249 0.0341463 0.0957854
1 0.163415 0.691571 0.0439024 0.118774
0 0.0170732 0.883142 0.0341463 0.141762
0 0.940244 0.153257 0.0317073 0.0996169
1 0.0182927 0.695402 0.0365854 0.126437
1 0.0597561 0.699234 0.0512195 0.118774
1 0.268293 0.701149 0.0487805 0.130268
0 0.289024 0.703065 0.0414634 0.126437
1 0.332927 0.164751 0.0414634 0.10728
0 0.526829 0.162835 0.0292683 0.103448
1 0.22439 0.35249 0.0390244 0.091954
1 0.302439 0.340996 0.0439024 0.091954
0 0.904878 0.331418 0.0390244 0.103448
1 0.342683 0.342912 0.0512195 0.0957854
1 0.280488 0.164751 0.0439024 0.10728
0 0.537805 0.898467 0.0560976 0.141762
1 0.157317 0.166667 0.0414634 0.103448
0 0.923171 0.703065 0.0512195 0.1341
0 0.468293 0.89272 0.0487805 0.137931
1 0.115854 0.346743 0.0463415 0.0957854
1 0.158537 0.350575 0.0536585 0.0957854
0 0.513415 0.162835 0.0317073 0.103448
0 0.352439 0.701149 0.0414634 0.130268
0 0.445122 0.894636 0.0560976 0.141762
1 0.984146 0.337165 0.0317073 0.10728
1 0.141463 0.890805 0.0780488 0.149425
0 0.656098 0.155172 0.0292683 0.0881226
0 0.897561 0.701149 0.0439024 0.137931
0 0.647561 0.331418 0.0317073 0.0957854
0 0.228049 0.701149 0.0463415 0.122605
1 0.245122 0.346743 0.0414634 0.0957854
0 0.120732 0.452107 0.0463415 0.130268
1 0.257317 0.454023 0.0512195 0.1341
1 0.213415 0.452107 0.0414634 0.137931
0 0.0560976 0.886973 0.0634146 0.149425
0 0.214634 0.894636 0.0731707 0.149425
0 0.293902 0.896552 0.0707317 0.145594
