1 0.558394 0.318008 0.0316302 0.0996169
1 0.249392 0.329502 0.0462287 0.0996169
1 0.080292 0.681992 0.0389294 0.10728
1 0.93309 0.429119 0.0413625 0.137931
1 0.23601 0.676245 0.0681265 0.118774
1 0.378345 0.429119 0.0462287 0.130268
1 0.555961 0.143678 0.0316302 0.0957854
1 0.506083 0.676245 0.0437956 0.126437
1 0.663017 0.312261 0.0316302 0.111111
1 0.156934 0.335249 0.0510949 0.0957854
0 0.158151 0.867816 0.0632603 0.1341
1 0.970803 0.1341 0.0389294 0.10728
0 0.800487 0.137931 0.0291971 0.091954
1 0.434307 0.323755 0.0413625 0.0957854
1 0.620438 0.676245 0.0340633 0.126437
1 0.517032 0.145594 0.0364963 0.0996169
1 0.854015 0.137931 0.0389294 0.0996169
1 0.568126 0.143678 0.0316302 0.0957854
1 0.546229 0.429119 0.0364963 0.122605
1 0.772506 0.431034 0.0364963 0.118774
1 0.467153 0.676245 0.0437956 0.126437
1 0.827251 0.681992 0.0437956 0.137931
1 0.981752 0.687739 0.0364963 0.126437
1 0.762774 0.680077 0.0413625 0.1341
1 0.944039 0.319923 0.0389294 0.103448
1 0.318735 0.678161 0.0486618 0.122605
1 0.380779 0.680077 0.0462287 0.126437
1 0.806569 0.319923 0.0316302 0.103448
1 0.467153 0.145594 0.0389294 0.0996169
1 0.282238 0.678161 0.0486618 0.122605
1 0.716545 0.139847 0.0316302 0.0881226
1 0.718978 0.310345 0.0364963 0.10728
1 0.428224 0.145594 0.0389294 0.0996169
1 0.3382 0.325671 0.0486618 0.091954
1 0.868613 0.136015 0.0340633 0.103448
1 0.919708 0.1341 0.0340633 0.10728
1 0.618005 0.139847 0.0340633 0.0881226
0 0.527981 0.877395 0.0681265 0.145594
0 0.772506 0.137931 0.026764 0.091954
1 0.839416 0.434866 0.0291971 0.126437
1 0.703163 0.137931 0.0340633 0.091954
1 0.687348 0.67433 0.0364963 0.130268
1 0.751825 0.137931 0.0340633 0.091954
1 0.652068 0.139847 0.0340633 0.0881226
1 0.485401 0.323755 0.0364963 0.0957854
1 0.139903 0.67433 0.0413625 0.10728
1 0.873479 0.434866 0.0389294 0.126437
1 0.386861 0.325671 0.0437956 0.0996169
1 0.892944 0.431034 0.0389294 0.126437
1 0.956204 0.685824 0.0437956 0.130268
1 0.772506 0.137931 0.0316302 0.091954
1 0.155718 0.153257 0.0437956 0.10728
1 0.613139 0.314176 0.0291971 0.10728
1 0.79927 0.139847 0.0316302 0.0957854
1 0.716545 0.672414 0.0413625 0.1341
1 0.655718 0.67433 0.0413625 0.130268
1 0.776156 0.316092 0.0340633 0.103448
1 0.60219 0.141762 0.0364963 0.091954
1 0.604623 0.427203 0.0364963 0.118774
1 0.789538 0.680077 0.0364963 0.1341
1 0.167883 0.67433 0.0389294 0.114943
1 0.377129 0.145594 0.0389294 0.10728
1 0.667883 0.139847 0.0316302 0.0881226
0 0.350365 0.680077 0.0389294 0.126437
0 0.992701 0.132184 0.0145985 0.111111
1 0.529197 0.43295 0.0413625 0.122605
1 0.53163 0.676245 0.0413625 0.126437
1 0.854015 0.683908 0.0389294 0.1341
1 0.703163 0.431034 0.0437956 0.118774
1 0.0888078 0.429119 0.0462287 0.137931
1 0.478102 0.43295 0.0462287 0.122605
1 0.361314 0.431034 0.0364963 0.1341
1 0.215328 0.67433 0.0510949 0.130268
1 0.954988 0.427203 0.0413625 0.1341
1 0.922141 0.681992 0.0437956 0.130268
1 0.695864 0.310345 0.0340633 0.10728
1 0.423358 0.43295 0.0437956 0.130268
1 0.115572 0.151341 0.0462287 0.111111
1 0.984185 0.425287 0.0316302 0.130268
0 0.43674 0.871648 0.0462287 0.1341
1 0.952555 0.1341 0.0413625 0.10728
1 0.260341 0.676245 0.0486618 0.126437
1 0.819951 0.139847 0.0291971 0.0957854
1 0.863747 0.318008 0.0340633 0.0996169
1 0.756691 0.431034 0.0389294 0.118774
0 0.0620438 0.860153 0.0705596 0.149425
1 0.437956 0.678161 0.0389294 0.122605
1 0.90146 0.1341 0.0364963 0.10728
1 0.288321 0.14751 0.0413625 0.103448
1 0.293187 0.323755 0.0510949 0.0957854
1 0.751825 0.312261 0.0340633 0.103448
1 0.8309 0.318008 0.0364963 0.0996169
1 0.922141 0.319923 0.0389294 0.103448
1 0.63747 0.429119 0.0291971 0.122605
1 0.229927 0.331418 0.0462287 0.0957854
1 0.216545 0.43295 0.0437956 0.137931
1 0.661801 0.431034 0.0340633 0.118774
1 0.565693 0.678161 0.0413625 0.122605
1 0.3309 0.149425 0.0437956 0.10728
1 0.113139 0.333333 0.0510949 0.0996169
1 0.212895 0.151341 0.0510949 0.111111
1 0.889294 0.319923 0.0364963 0.103448
1 0.0705596 0.333333 0.0437956 0.0996169
1 0.13017 0.434866 0.0462287 0.1341
1 0.639903 0.312261 0.0389294 0.103448
1 0.811436 0.43295 0.0364963 0.122605
1 0.0620438 0.429119 0.0462287 0.137931
0 0.467153 0.871648 0.0486618 0.141762
1 0.585158 0.431034 0.0364963 0.118774
0 0.30292 0.875479 0.0754258 0.149425
1 0.978102 0.321839 0.0389294 0.0996169
1 0.53528 0.318008 0.0340633 0.0996169
1 0.586375 0.316092 0.0340633 0.103448
1 0.886861 0.685824 0.0413625 0.130268
1 0.310219 0.431034 0.0462287 0.141762
0 0.379562 0.873563 0.0729927 0.145594
0 0.208029 0.867816 0.0656934 0.141762
1 0.259124 0.43295 0.0510949 0.137931
0 0.131387 0.860153 0.0583942 0.1341
