0 0.993902 0.436782 0.0121951 0.137931
1 0.0414634 0.434866 0.0439024 0.126437
1 0.657317 0.440613 0.0414634 0.122605
1 0.186585 0.346743 0.0414634 0.0957854
1 0.598781 0.442529 0.0365854 0.126437
1 0.971951 0.434866 0.0414634 0.1341
1 0.856098 0.438697 0.0341463 0.118774
0 0.186585 0.346743 0.0414634 0.0957854
1 0.796341 0.325671 0.0317073 0.10728
0 0.447561 0.885057 0.0560976 0.145594
1 0.518293 0.153257 0.0365854 0.0996169
1 0.852439 0.325671 0.0365854 0.0996169
1 0.714634 0.440613 0.0390244 0.122605
1 0.869512 0.695402 0.0414634 0.1341
1 0.94878 0.436782 0.0390244 0.130268
1 0.564634 0.327586 0.0414634 0.0957854
1 0.478049 0.153257 0.0390244 0.0996169
1 0.684146 0.327586 0.0268293 0.0957854
1 0.689024 0.149425 0.0317073 0.091954
1 0.45 0.331418 0.0512195 0.0957854
1 0.871951 0.145594 0.0365854 0.10728
1 0.891463 0.323755 0.0463415 0.103448
1 0.513415 0.329502 0.0365854 0.0996169
1 0.782927 0.14751 0.0341463 0.0957854
1 0.39878 0.333333 0.0512195 0.0996169
1 0.908537 0.321839 0.0414634 0.0996169
1 0.314634 0.434866 0.0439024 0.141762
1 0.489024 0.442529 0.0463415 0.126437
1 0.660976 0.149425 0.0292683 0.091954
1 0.617073 0.325671 0.0390244 0.0996169
1 0.965854 0.325671 0.0390244 0.0996169
1 0.734146 0.440613 0.0341463 0.114943
1 0.558537 0.442529 0.0390244 0.126437
1 0.384146 0.155172 0.0463415 0.111111
1 0.430488 0.155172 0.0414634 0.103448
1 0.930488 0.139847 0.0414634 0.111111
1 0.381707 0.436782 0.0512195 0.130268
1 0.835366 0.145594 0.0365854 0.0996169
1 0.610976 0.687739 0.0317073 0.1341
1 0.887805 0.438697 0.0341463 0.126437
1 0.826829 0.323755 0.0390244 0.103448
1 0.67439 0.687739 0.0365854 0.1341
1 0.619512 0.149425 0.0390244 0.0996169
1 0.579268 0.149425 0.0365854 0.0996169
1 0.706098 0.327586 0.0317073 0.103448
1 0.146341 0.687739 0.0487805 0.118774
1 0.939024 0.321839 0.0341463 0.0996169
1 0.154878 0.340996 0.0463415 0.0996169
1 0.728049 0.145594 0.0365854 0.091954
1 0.578049 0.691571 0.0439024 0.1341
1 0.485366 0.687739 0.0341463 0.126437
1 0.496341 0.331418 0.0414634 0.0957854
1 0.536585 0.153257 0.0341463 0.0996169
1 0.656098 0.325671 0.0341463 0.0996169
1 0.536585 0.894636 0.0634146 0.157088
1 0.271951 0.685824 0.0512195 0.130268
1 0.769512 0.440613 0.0317073 0.114943
1 0.77439 0.693487 0.0365854 0.137931
1 0.168293 0.883142 0.0585366 0.1341
1 0.352439 0.687739 0.0463415 0.1341
1 0.330488 0.687739 0.0512195 0.1341
1 0.707317 0.685824 0.0341463 0.137931
1 0.596341 0.327586 0.0317073 0.103448
1 0.978049 0.691571 0.0390244 0.1341
1 0.168293 0.157088 0.0536585 0.114943
1 0.136585 0.883142 0.0731707 0.149425
1 0.290244 0.689655 0.0487805 0.130268
1 0.937805 0.701149 0.0463415 0.130268
1 0.123171 0.157088 0.0512195 0.114943
1 0.548781 0.329502 0.0390244 0.0996169
1 0.0707317 0.33908 0.0487805 0.103448
1 0.397561 0.685824 0.0487805 0.130268
1 0.331707 0.43295 0.0487805 0.137931
1 0.339024 0.157088 0.0487805 0.10728
1 0.0646341 0.87931 0.0756098 0.157088
1 0.979268 0.137931 0.0365854 0.114943
1 0.989024 0.325671 0.0219512 0.0996169
1 0.220732 0.442529 0.0463415 0.141762
1 0.906098 0.699234 0.0414634 0.1341
1 0.165854 0.687739 0.0487805 0.126437
1 0.219512 0.687739 0.0536585 0.1341
1 0.215854 0.157088 0.0512195 0.114943
1 0.642683 0.687739 0.0414634 0.1341
1 0.806098 0.697318 0.0365854 0.137931
1 0.129268 0.448276 0.0487805 0.137931
1 0.0768293 0.440613 0.0512195 0.137931
1 0.245122 0.344828 0.0512195 0.0996169
1 0.729268 0.685824 0.0439024 0.137931
1 0.382927 0.881226 0.0682927 0.145594
1 0.354878 0.333333 0.0463415 0.0996169
1 0.509756 0.687739 0.0390244 0.1341
0 0.47561 0.885057 0.0536585 0.145594
1 0.840244 0.697318 0.0414634 0.137931
1 0.112195 0.340996 0.0487805 0.10728
1 0.454878 0.685824 0.0463415 0.130268
1 0.262195 0.440613 0.0512195 0.137931
1 0.540244 0.687739 0.0365854 0.1341
1 0.291463 0.151341 0.0463415 0.118774
1 0.307317 0.333333 0.0487805 0.0996169
0 0.295122 0.886973 0.0682927 0.149425
0 0.214634 0.885057 0.0682927 0.145594
