1 0.285366 0.17433 0.0390244 0.0957854
0 0.67439 0.166667 0.0268293 0.0957854
0 0.481707 0.172414 0.0317073 0.0996169
1 0.209756 0.678161 0.0536585 0.122605
1 0.171951 0.670498 0.0414634 0.114943
1 0.520732 0.678161 0.0463415 0.122605
1 0.281707 0.342912 0.0414634 0.0881226
1 0.368293 0.442529 0.0439024 0.118774
0 0.928049 0.16092 0.0317073 0.0996169
1 0.697561 0.67433 0.0390244 0.122605
1 0.330488 0.676245 0.0463415 0.118774
1 0.453659 0.340996 0.0390244 0.091954
1 0.673171 0.333333 0.0341463 0.091954
0 0.0817073 0.854406 0.0609756 0.145594
1 0.730488 0.335249 0.0317073 0.0957854
0 0.764634 0.166667 0.0414634 0.0881226
1 0.609756 0.44636 0.0292683 0.111111
0 0.529268 0.170498 0.0292683 0.103448
0 0.0195122 0.854406 0.0390244 0.145594
1 0.817073 0.444444 0.0341463 0.10728
0 0.806098 0.162835 0.0317073 0.0881226
0 0.854878 0.16092 0.0317073 0.091954
1 0.926829 0.335249 0.0390244 0.0957854
1 0.785366 0.444444 0.0292683 0.10728
1 0.591463 0.680077 0.0365854 0.126437
0 0.62561 0.168582 0.0268293 0.0996169
1 0.945122 0.337165 0.0414634 0.0996169
1 0.664634 0.44636 0.0317073 0.111111
1 0.553659 0.442529 0.0341463 0.118774
1 0.719512 0.444444 0.0341463 0.10728
1 0.797561 0.685824 0.0341463 0.122605
1 0.529268 0.444444 0.0341463 0.114943
1 0.646341 0.44636 0.0341463 0.111111
1 0.756098 0.444444 0.0341463 0.10728
0 0.337805 0.342912 0.0463415 0.0957854
1 0.830488 0.687739 0.0414634 0.126437
1 0.42439 0.444444 0.0341463 0.122605
1 0.563415 0.337165 0.0341463 0.0842912
1 0.956098 0.157088 0.0390244 0.091954
1 0.479268 0.44636 0.0414634 0.118774
1 0.578049 0.170498 0.0292683 0.0957854
1 0.584146 0.44636 0.0317073 0.118774
1 0.0219512 0.67433 0.0390244 0.10728
1 0.332927 0.442529 0.0414634 0.126437
1 0.892683 0.33908 0.0390244 0.0957854
1 0.379268 0.678161 0.0414634 0.122605
1 0.752439 0.335249 0.0317073 0.0957854
1 0.47561 0.680077 0.0390244 0.118774
0 0.715854 0.166667 0.0365854 0.0957854
1 0.503659 0.680077 0.0414634 0.118774
0 0.658537 0.168582 0.0341463 0.091954
0 0.907317 0.16092 0.0292683 0.0996169
1 0.218293 0.444444 0.0463415 0.130268
1 0.984146 0.685824 0.0317073 0.130268
0 0.440244 0.869732 0.0512195 0.137931
1 0.941463 0.444444 0.0439024 0.122605
1 0.292683 0.678161 0.0390244 0.114943
1 0.703659 0.44636 0.0365854 0.111111
1 0.592683 0.33908 0.0341463 0.0881226
1 0.631707 0.678161 0.0390244 0.122605
1 0.0341463 0.438697 0.0439024 0.118774
1 0.230488 0.678161 0.0463415 0.122605
1 0.230488 0.350575 0.0414634 0.0957854
1 0.615854 0.337165 0.0317073 0.091954
0 0.989024 0.438697 0.0219512 0.126437
1 0.173171 0.348659 0.0439024 0.091954
1 0.868293 0.337165 0.0341463 0.091954
1 0.841463 0.44636 0.0341463 0.111111
1 0.256098 0.442529 0.0439024 0.126437
1 0.701219 0.333333 0.0365854 0.091954
1 0.779268 0.683908 0.0414634 0.126437
1 0.879268 0.444444 0.0414634 0.114943
1 0.142683 0.67433 0.0365854 0.0996169
0 0.828049 0.162835 0.0268293 0.0957854
1 0.782927 0.335249 0.0341463 0.0957854
1 0.131707 0.44636 0.0439024 0.126437
0 0.510976 0.170498 0.0317073 0.103448
1 0.535366 0.680077 0.0365854 0.126437
1 0.0743902 0.678161 0.0512195 0.10728
1 0.304878 0.342912 0.0390244 0.0881226
0 0.876829 0.162835 0.0317073 0.103448
1 0.643902 0.337165 0.0341463 0.091954
1 0.532927 0.33908 0.0317073 0.0881226
0 0.609756 0.170498 0.0292683 0.0957854
1 0.557317 0.172414 0.0317073 0.0996169
1 0.0951219 0.438697 0.0439024 0.126437
1 0.118293 0.348659 0.0463415 0.0996169
1 0.862195 0.685824 0.0365854 0.122605
0 0.508537 0.33908 0.0317073 0.0881226
1 0.569512 0.680077 0.0414634 0.126437
1 0.92561 0.685824 0.0463415 0.130268
1 0.310976 0.440613 0.0414634 0.130268
0 0.157317 0.180077 0.0414634 0.10728
1 0.263415 0.680077 0.0439024 0.118774
1 0.369512 0.8659 0.0658537 0.145594
1 0.445122 0.678161 0.0414634 0.122605
0 0.521951 0.877395 0.0634146 0.153257
1 0.664634 0.678161 0.0317073 0.122605
1 0.808537 0.33908 0.0317073 0.0957854
1 0.965854 0.685824 0.0487805 0.130268
0 0.469512 0.869732 0.0512195 0.145594
1 0.0707317 0.438697 0.0487805 0.126437
1 0.412195 0.678161 0.0390244 0.122605
1 0.837805 0.335249 0.0365854 0.0957854
0 0.485366 0.33908 0.0341463 0.0881226
1 0.982927 0.340996 0.0341463 0.0996169
1 0.893902 0.685824 0.0463415 0.130268
0 0.0560976 0.85249 0.0585366 0.149425
0 0.298781 0.869732 0.0804878 0.153257
0 0.132927 0.856322 0.0609756 0.1341
0 0.209756 0.862069 0.0634146 0.137931
