0 0.38806 0.312253 0.0348259 0.0948617
0 0.133085 0.666008 0.0422886 0.13834
1 0.524876 0.677866 0.0348259 0.13834
1 0.553483 0.124506 0.0273632 0.0909091
1 0.584577 0.120553 0.0248756 0.0909091
1 0.477612 0.420949 0.0348259 0.12253
1 0.636816 0.304348 0.0298507 0.102767
1 0.726368 0.110672 0.0298507 0.0869565
1 0.570895 0.422925 0.0273632 0.110672
1 0.60199 0.416996 0.0298507 0.114625
0 0.604478 0.306324 0.0298507 0.0988142
1 0.696517 0.114625 0.0298507 0.0948617
1 0.813433 0.112648 0.0298507 0.0909091
0 0.701493 0.296443 0.0298507 0.118577
1 0.701493 0.416996 0.0348259 0.114625
1 0.572139 0.3083 0.0298507 0.102767
1 0.756219 0.110672 0.0298507 0.0948617
0 0.66791 0.298419 0.0323383 0.114625
1 0.426617 0.306324 0.0373134 0.0988142
1 0.159204 0.666008 0.0447761 0.130435
1 0.38806 0.314229 0.039801 0.0988142
0 0.420398 0.128458 0.0298507 0.0988142
1 0.212687 0.416996 0.0422886 0.13834
1 0.677861 0.685771 0.0373134 0.13834
1 0.541045 0.422925 0.0323383 0.118577
1 0.773632 0.413043 0.0348259 0.114625
1 0.634328 0.416996 0.0298507 0.114625
1 0.269901 0.420949 0.0422886 0.130435
1 0.182836 0.41502 0.0373134 0.134387
1 0.799751 0.296443 0.0373134 0.118577
1 0.299751 0.134387 0.0373134 0.110672
1 0.242537 0.411067 0.0472637 0.134387
1 0.511194 0.422925 0.0323383 0.118577
0 0.78607 0.110672 0.0298507 0.0948617
1 0.738806 0.416996 0.0348259 0.114625
1 0.246269 0.132411 0.039801 0.106719
0 0.498756 0.128458 0.0273632 0.0988142
0 0.445274 0.132411 0.0248756 0.0988142
0 0.732587 0.29249 0.0323383 0.118577
1 0.665423 0.416996 0.0323383 0.114625
1 0.600746 0.671937 0.0373134 0.142292
0 0.526119 0.126482 0.0273632 0.0948617
1 0.763682 0.294466 0.0348259 0.114625
1 0.488806 0.681818 0.0373134 0.13834
1 0.303483 0.418972 0.039801 0.134387
0 0.61194 0.116601 0.0248756 0.0909091
1 0.640547 0.675889 0.0373134 0.142292
0 0.291045 0.316206 0.039801 0.0948617
1 0.324627 0.314229 0.0422886 0.0988142
1 0.25995 0.673913 0.0422886 0.12253
0 0.471393 0.128458 0.0273632 0.106719
0 0.202736 0.314229 0.0422886 0.0988142
1 0.84204 0.413043 0.0373134 0.114625
1 0.481343 0.3083 0.0373134 0.102767
0 0.271144 0.134387 0.039801 0.110672
1 0.225124 0.867589 0.0572139 0.15415
1 0.455224 0.679842 0.039801 0.134387
1 0.348259 0.130435 0.0348259 0.102767
0 0.66791 0.114625 0.0273632 0.0948617
0 0.363184 0.314229 0.0348259 0.0988142
1 0.562189 0.677866 0.039801 0.13834
1 0.834577 0.294466 0.0373134 0.12253
1 0.19403 0.671937 0.0497512 0.134387
1 0.869403 0.683794 0.0422886 0.142292
0 0.63806 0.114625 0.0273632 0.0948617
0 0.104478 0.865613 0.0547264 0.142292
1 0.25995 0.312253 0.0422886 0.102767
1 0.38806 0.130435 0.0348259 0.102767
1 0.80597 0.411067 0.0348259 0.118577
1 0.378109 0.418972 0.0447761 0.142292
1 0.44403 0.416996 0.0373134 0.13834
1 0.420398 0.675889 0.0447761 0.134387
1 0.83209 0.685771 0.0472637 0.146245
0 0.226368 0.667984 0.0447761 0.126482
0 0.512438 0.3083 0.0348259 0.102767
1 0.791045 0.685771 0.0447761 0.13834
1 0.752488 0.687747 0.0422886 0.142292
1 0.347015 0.424901 0.0323383 0.13834
1 0.878109 0.407115 0.039801 0.118577
1 0.71393 0.689723 0.039801 0.13834
0 0.325871 0.130435 0.0348259 0.102767
0 0.45398 0.306324 0.0373134 0.0988142
0 0.541045 0.3083 0.0323383 0.102767
0 0.844527 0.106719 0.0373134 0.0948617
1 0.143035 0.869565 0.0572139 0.142292
1 0.349502 0.667984 0.0422886 0.126482
1 0.40796 0.422925 0.039801 0.134387
0 0.232587 0.312253 0.0422886 0.102767
1 0.528607 0.883399 0.0472637 0.146245
1 0.386816 0.675889 0.0472637 0.134387
1 0.905473 0.677866 0.0497512 0.146245
0 0.868159 0.298419 0.039801 0.114625
1 0.182836 0.867589 0.0572139 0.146245
0 0.486318 0.875494 0.0422886 0.146245
1 0.313433 0.673913 0.039801 0.12253
0 0.400498 0.883399 0.0547264 0.13834
0 0.446517 0.875494 0.0522388 0.13834
0 0.313433 0.865613 0.0547264 0.126482
0 0.268657 0.865613 0.0547264 0.142292
0 0.356965 0.871542 0.0572139 0.130435
