1 0.958128 0.853053 0.0591133 0.125954
1 0.275862 0.124046 0.0295567 0.0877863
1 0.448276 0.137405 0.0295567 0.0916031
1 0.305419 0.127863 0.0295567 0.0877863
1 0.477833 0.137405 0.0295567 0.0916031
1 0.575123 0.677481 0.0418719 0.133588
1 0.397783 0.423664 0.0270936 0.10687
1 0.602217 0.318702 0.0369458 0.0954198
1 0.334975 0.131679 0.0295567 0.0877863
0 0.665025 0.324427 0.0344828 0.0992366
1 0.39532 0.311069 0.0320197 0.0954198
1 0.785714 0.417939 0.044335 0.133588
1 0.42734 0.423664 0.0320197 0.10687
1 0.552956 0.427481 0.0369458 0.122137
1 0.842365 0.417939 0.0394089 0.125954
0 0.330049 0.307252 0.0344828 0.110687
1 0.815271 0.421756 0.044335 0.133588
1 0.219212 0.125954 0.0295567 0.0916031
1 0.724138 0.425573 0.0394089 0.125954
0 0.299261 0.301527 0.0320197 0.114504
1 0.197044 0.301527 0.0344828 0.114504
1 0.731527 0.145038 0.0344828 0.10687
0 0.421182 0.135496 0.0246305 0.0877863
1 0.703202 0.322519 0.0418719 0.0954198
1 0.226601 0.417939 0.0344828 0.110687
1 0.45936 0.427481 0.0270936 0.10687
1 0.637931 0.320611 0.0344828 0.0992366
0 0.426108 0.314885 0.0295567 0.0954198
0 0.362069 0.305344 0.0344828 0.10687
1 0.490148 0.429389 0.0295567 0.110687
1 0.20197 0.683206 0.044335 0.137405
1 0.355911 0.681298 0.0369458 0.133588
0 0.365764 0.131679 0.0270936 0.0877863
1 0.756158 0.425573 0.0394089 0.125954
0 0.246305 0.125954 0.0295567 0.0916031
1 0.768473 0.320611 0.0394089 0.0992366
1 0.26601 0.303435 0.0344828 0.118321
1 0.458128 0.314885 0.0295567 0.0954198
1 0.783251 0.14313 0.0344828 0.103053
1 0.365764 0.421756 0.0320197 0.110687
0 0.392857 0.131679 0.0270936 0.0877863
1 0.431034 0.671756 0.0394089 0.137405
1 0.639163 0.14313 0.0320197 0.0954198
1 0.869458 0.662214 0.044335 0.125954
1 0.259852 0.423664 0.0369458 0.10687
1 0.506158 0.673664 0.0369458 0.133588
1 0.294335 0.421756 0.0320197 0.110687
1 0.165025 0.681298 0.0394089 0.141221
1 0.466749 0.673664 0.0369458 0.133588
1 0.330049 0.421756 0.0344828 0.110687
0 0.557882 0.14313 0.0270936 0.103053
0 0.504926 0.14313 0.0246305 0.0954198
1 0.392857 0.673664 0.0369458 0.133588
1 0.54064 0.677481 0.0369458 0.133588
0 0.530788 0.14313 0.0270936 0.0954198
0 0.737685 0.324427 0.0418719 0.0992366
1 0.519704 0.427481 0.0295567 0.114504
1 0.649015 0.427481 0.0418719 0.129771
0 0.608374 0.145038 0.0295567 0.0916031
1 0.232759 0.303435 0.0369458 0.118321
1 0.800493 0.854962 0.0591133 0.145038
0 0.487685 0.316794 0.0295567 0.0992366
1 0.682266 0.146947 0.0344828 0.0954198
1 0.76601 0.671756 0.044335 0.114504
0 0.583744 0.146947 0.0246305 0.0954198
1 0.62069 0.427481 0.0394089 0.129771
0 0.706897 0.145038 0.0344828 0.10687
1 0.192118 0.421756 0.0344828 0.110687
0 0.757389 0.146947 0.0369458 0.103053
1 0.679803 0.429389 0.0295567 0.133588
1 0.587438 0.423664 0.0369458 0.129771
1 0.126847 0.675573 0.046798 0.137405
1 0.240148 0.683206 0.0418719 0.129771
0 0.82266 0.320611 0.0394089 0.0916031
1 0.681035 0.666031 0.0418719 0.125954
1 0.842365 0.85687 0.0591133 0.141221
1 0.54803 0.316794 0.0369458 0.0992366
1 0.833744 0.666031 0.046798 0.125954
0 0.517241 0.316794 0.0344828 0.0992366
1 0.153941 0.412214 0.0418719 0.122137
1 0.318966 0.685115 0.0418719 0.133588
0 0.922414 0.854962 0.0566502 0.137405
1 0.714286 0.669847 0.0394089 0.110687
0 0.796798 0.318702 0.0418719 0.0954198
0 0.166256 0.305344 0.0369458 0.114504
1 0.280788 0.687023 0.044335 0.129771
1 0.608374 0.671756 0.044335 0.129771
0 0.576355 0.318702 0.0344828 0.0954198
1 0.883005 0.85687 0.0566502 0.141221
1 0.642857 0.669847 0.0492611 0.125954
0 0.799261 0.664122 0.0418719 0.122137
0 0.188424 0.120229 0.0369458 0.103053
1 0.5 0.874046 0.044335 0.145038
0 0.543103 0.864504 0.0418719 0.141221
0 0.626847 0.872137 0.0517241 0.133588
0 0.761084 0.853053 0.0541872 0.141221
0 0.669951 0.862595 0.0541872 0.122137
0 0.715517 0.854962 0.0517241 0.122137
0 0.582512 0.860687 0.0517241 0.133588
