1 0.103406 0.635714 0.0462287 0.121429
1 0.0596107 0.8125 0.0510949 0.117857
0 0.126521 0.639286 0.0389294 0.121429
1 0.237226 0.15 0.0364963 0.0857143
1 0.849148 0.65 0.0437956 0.128571
0 0.501217 0.310714 0.0340633 0.0928571
1 0.251825 0.314286 0.0413625 0.0928571
0 0.198297 0.314286 0.0413625 0.0857143
1 0.414842 0.3125 0.0364963 0.0892857
1 0.621655 0.308929 0.0316302 0.0964286
1 0.742092 0.132143 0.0291971 0.0857143
1 0.711679 0.133929 0.026764 0.0821429
1 0.559611 0.3125 0.0291971 0.0892857
1 0.57056 0.142857 0.026764 0.0857143
1 0.3382 0.151786 0.0340633 0.0892857
1 0.23601 0.401786 0.0437956 0.125
1 0.289538 0.15 0.0340633 0.1
1 0.749392 0.303571 0.0340633 0.107143
1 0.653285 0.414286 0.0316302 0.107143
0 0.686131 0.301786 0.0340633 0.103571
1 0.541363 0.142857 0.026764 0.0857143
0 0.654501 0.301786 0.0291971 0.103571
1 0.798054 0.130357 0.0291971 0.0821429
1 0.682482 0.133929 0.026764 0.0821429
1 0.619221 0.414286 0.0316302 0.107143
0 0.265207 0.153571 0.0340633 0.1
1 0.552311 0.641071 0.0389294 0.125
0 0.59854 0.1375 0.0243309 0.0821429
1 0.377129 0.642857 0.0437956 0.121429
1 0.823601 0.4125 0.0364963 0.103571
0 0.77129 0.132143 0.0291971 0.0857143
0 0.315085 0.151786 0.0316302 0.0964286
1 0.20438 0.405357 0.0437956 0.125
1 0.716545 0.301786 0.0316302 0.103571
0 0.591241 0.308929 0.0291971 0.0892857
1 0.318735 0.319643 0.0389294 0.0892857
0 0.626521 0.1375 0.026764 0.0821429
1 0.626521 0.641071 0.0364963 0.125
1 0.476886 0.646429 0.0389294 0.128571
0 0.352798 0.321429 0.0340633 0.0857143
0 0.409976 0.15 0.026764 0.0857143
1 0.43309 0.4125 0.0340633 0.117857
0 0.529197 0.310714 0.0316302 0.0928571
1 0.688564 0.414286 0.0340633 0.107143
1 0.559611 0.416071 0.0291971 0.103571
0 0.486618 0.146429 0.0243309 0.0928571
1 0.497567 0.417857 0.0316302 0.107143
0 0.461071 0.148214 0.026764 0.0964286
1 0.380779 0.317857 0.0364963 0.0857143
1 0.773723 0.65 0.0437956 0.128571
1 0.527981 0.417857 0.0291971 0.107143
1 0.153285 0.641071 0.0437956 0.117857
1 0.380779 0.146429 0.0316302 0.0928571
0 0.442822 0.3125 0.0340633 0.0821429
1 0.469586 0.314286 0.0340633 0.0857143
1 0.70073 0.655357 0.0389294 0.125
0 0.284672 0.317857 0.0437956 0.0928571
0 0.513382 0.144643 0.0243309 0.0821429
1 0.221411 0.814286 0.0583942 0.135714
0 0.225061 0.314286 0.0413625 0.0928571
1 0.590024 0.414286 0.026764 0.107143
0 0.434307 0.148214 0.026764 0.0892857
1 0.755474 0.410714 0.0364963 0.107143
1 0.177616 0.403571 0.0389294 0.121429
1 0.399027 0.416071 0.0389294 0.117857
1 0.262774 0.414286 0.0437956 0.121429
1 0.721411 0.4125 0.0316302 0.103571
1 0.465937 0.416071 0.0316302 0.110714
1 0.66545 0.651786 0.0364963 0.125
1 0.512165 0.646429 0.0364963 0.128571
1 0.816302 0.303571 0.0364963 0.107143
0 0.0961071 0.817857 0.0559611 0.128571
1 0.590024 0.641071 0.0364963 0.125
1 0.294404 0.4125 0.0389294 0.125
0 0.850365 0.305357 0.0364963 0.0964286
1 0.782238 0.303571 0.0364963 0.107143
1 0.886861 0.646429 0.0462287 0.135714
1 0.813869 0.651786 0.0462287 0.132143
1 0.187348 0.641071 0.0437956 0.117857
1 0.371046 0.414286 0.0413625 0.128571
1 0.442822 0.646429 0.0389294 0.121429
0 0.475669 0.821429 0.0413625 0.128571
1 0.223844 0.6375 0.0437956 0.117857
1 0.789538 0.408929 0.0364963 0.110714
1 0.515815 0.830357 0.0437956 0.132143
0 0.653285 0.135714 0.026764 0.0785714
1 0.254258 0.646429 0.0413625 0.107143
1 0.73601 0.655357 0.0413625 0.125
1 0.339416 0.417857 0.0316302 0.128571
1 0.409976 0.642857 0.0413625 0.121429
1 0.13747 0.819643 0.0559611 0.132143
1 0.861314 0.403571 0.0437956 0.107143
1 0.339416 0.6375 0.0413625 0.117857
1 0.180049 0.819643 0.053528 0.132143
1 0.305353 0.642857 0.0364963 0.107143
0 0.828467 0.126786 0.0364963 0.0892857
0 0.390511 0.828571 0.0510949 0.128571
0 0.261557 0.816071 0.0510949 0.132143
0 0.349148 0.819643 0.0510949 0.117857
0 0.43674 0.819643 0.0510949 0.125
0 0.304136 0.814286 0.053528 0.114286
