0 0.904177 0.661049 0.04914 0.131086
1 0.949631 0.853933 0.0565111 0.127341
1 0.65602 0.337079 0.039312 0.0973783
0 0.886978 0.668539 0.044226 0.131086
1 0.775184 0.421348 0.041769 0.131086
0 0.57371 0.155431 0.027027 0.101124
0 0.31941 0.314607 0.034398 0.11236
1 0.858722 0.666667 0.046683 0.127341
0 0.599509 0.155431 0.02457 0.093633
0 0.566339 0.325843 0.036855 0.0898876
1 0.262899 0.138577 0.029484 0.0898876
1 0.627764 0.335206 0.036855 0.093633
0 0.476658 0.325843 0.029484 0.0973783
1 0.447174 0.325843 0.029484 0.0973783
1 0.820639 0.668539 0.04914 0.123596
1 0.536855 0.327715 0.036855 0.093633
1 0.465602 0.151685 0.027027 0.093633
1 0.594595 0.325843 0.034398 0.0898876
0 0.351351 0.318352 0.034398 0.104869
0 0.653563 0.335206 0.039312 0.093633
0 0.415233 0.325843 0.029484 0.0973783
1 0.384521 0.322097 0.031941 0.0973783
1 0.29484 0.142322 0.029484 0.0898876
0 0.810811 0.327715 0.039312 0.093633
1 0.437346 0.146067 0.02457 0.0898876
1 0.416462 0.434457 0.031941 0.11236
1 0.206388 0.136704 0.029484 0.0861423
1 0.804668 0.425094 0.046683 0.131086
1 0.324324 0.142322 0.029484 0.0898876
1 0.351351 0.434457 0.034398 0.11236
1 0.757985 0.329588 0.041769 0.0973783
1 0.222359 0.316479 0.036855 0.116105
1 0.256757 0.314607 0.036855 0.11236
0 0.54914 0.155431 0.027027 0.101124
1 0.385749 0.432584 0.029484 0.108614
1 0.288698 0.318352 0.031941 0.11236
1 0.154791 0.681648 0.044226 0.142322
1 0.448403 0.434457 0.031941 0.11236
1 0.719902 0.157303 0.034398 0.104869
0 0.409091 0.146067 0.027027 0.0898876
0 0.493858 0.153558 0.02457 0.0898876
1 0.249386 0.428839 0.036855 0.108614
1 0.787469 0.666667 0.041769 0.11985
1 0.509828 0.43633 0.031941 0.108614
0 0.506142 0.327715 0.034398 0.093633
1 0.379607 0.679775 0.036855 0.131086
1 0.771499 0.159176 0.034398 0.101124
1 0.480344 0.43633 0.031941 0.116105
0 0.724816 0.331461 0.039312 0.093633
1 0.788698 0.853933 0.0589681 0.142322
1 0.746929 0.432584 0.039312 0.123596
1 0.59828 0.677903 0.041769 0.127341
1 0.416462 0.67603 0.036855 0.131086
0 0.692875 0.157303 0.034398 0.104869
1 0.574939 0.432584 0.034398 0.123596
0 0.785012 0.329588 0.041769 0.0973783
1 0.529484 0.677903 0.036855 0.134831
0 0.234644 0.138577 0.027027 0.0898876
1 0.455774 0.67603 0.036855 0.131086
1 0.541769 0.43633 0.031941 0.116105
1 0.495086 0.679775 0.036855 0.131086
1 0.115479 0.67603 0.04914 0.138577
1 0.627764 0.155431 0.031941 0.101124
0 0.153563 0.318352 0.036855 0.104869
1 0.695332 0.333333 0.039312 0.0973783
1 0.191646 0.683521 0.044226 0.138577
0 0.35258 0.142322 0.027027 0.0898876
1 0.316953 0.434457 0.034398 0.11236
0 0.380835 0.144195 0.02457 0.0861423
1 0.668305 0.159176 0.034398 0.093633
1 0.832924 0.425094 0.039312 0.123596
1 0.670762 0.43633 0.034398 0.131086
1 0.565111 0.677903 0.039312 0.127341
1 0.283784 0.432584 0.031941 0.108614
0 0.519656 0.155431 0.027027 0.101124
0 0.746929 0.157303 0.034398 0.104869
1 0.305897 0.687266 0.041769 0.131086
1 0.609337 0.434457 0.039312 0.127341
1 0.702703 0.672285 0.039312 0.116105
1 0.216216 0.428839 0.039312 0.116105
1 0.18059 0.430712 0.036855 0.11236
1 0.872236 0.857678 0.0589681 0.134831
1 0.714988 0.432584 0.039312 0.123596
1 0.340295 0.683521 0.036855 0.131086
1 0.22973 0.683521 0.041769 0.138577
0 0.911548 0.857678 0.0540541 0.127341
1 0.668305 0.666667 0.044226 0.11985
1 0.189189 0.316479 0.034398 0.116105
0 0.175676 0.132959 0.031941 0.093633
1 0.7543 0.67603 0.044226 0.116105
1 0.269042 0.685393 0.041769 0.127341
1 0.632678 0.674157 0.046683 0.127341
0 0.531941 0.867041 0.041769 0.138577
1 0.143735 0.421348 0.041769 0.116105
1 0.831695 0.859551 0.0565111 0.138577
0 0.572482 0.859551 0.04914 0.131086
1 0.637592 0.432584 0.041769 0.131086
1 0.490172 0.870786 0.046683 0.138577
0 0.658477 0.861423 0.0540541 0.11985
0 0.616708 0.872659 0.0540541 0.134831
0 0.749386 0.855805 0.0540541 0.131086
0 0.70516 0.853933 0.0540541 0.11985
