1 0.889163 0.668539 0.0492611 0.131086
1 0.498768 0.441948 0.0320197 0.11236
1 0.940887 0.859551 0.0541872 0.123596
1 0.775862 0.674157 0.044335 0.11985
1 0.373153 0.327715 0.0320197 0.101124
1 0.846059 0.674157 0.046798 0.127341
1 0.424877 0.153558 0.0270936 0.0898876
1 0.453202 0.159176 0.0295567 0.093633
1 0.598522 0.445693 0.0394089 0.127341
1 0.437192 0.335206 0.0320197 0.093633
1 0.374384 0.438202 0.0295567 0.11236
1 0.530788 0.447566 0.0320197 0.116105
1 0.735222 0.441948 0.0418719 0.11985
1 0.253695 0.146067 0.0295567 0.0898876
1 0.314039 0.149813 0.0270936 0.0898876
1 0.437192 0.441948 0.0320197 0.11236
1 0.763547 0.432584 0.044335 0.131086
0 0.403941 0.331461 0.0295567 0.093633
1 0.403941 0.441948 0.0295567 0.11236
0 0.222906 0.146067 0.0270936 0.0898876
0 0.30665 0.32397 0.0320197 0.116105
1 0.469212 0.44382 0.0320197 0.116105
1 0.525862 0.337079 0.0369458 0.0898876
1 0.810345 0.67603 0.044335 0.123596
1 0.795566 0.434457 0.044335 0.127341
1 0.747537 0.338951 0.0418719 0.101124
0 0.339901 0.32397 0.0344828 0.108614
1 0.625616 0.44382 0.0394089 0.131086
1 0.582512 0.335206 0.0369458 0.0861423
1 0.277094 0.322097 0.0320197 0.11236
1 0.341133 0.438202 0.0320197 0.11236
1 0.283251 0.149813 0.0295567 0.0898876
0 0.465517 0.335206 0.0295567 0.093633
0 0.683498 0.162921 0.0320197 0.101124
0 0.535714 0.159176 0.0270936 0.101124
0 0.496305 0.335206 0.0320197 0.093633
1 0.272167 0.43633 0.0320197 0.108614
1 0.618227 0.342697 0.0394089 0.093633
1 0.304187 0.43633 0.0320197 0.108614
0 0.508621 0.161049 0.0270936 0.0898876
1 0.330049 0.687266 0.0394089 0.131086
0 0.64532 0.342697 0.0394089 0.093633
0 0.58867 0.162921 0.0246305 0.093633
1 0.181034 0.691011 0.046798 0.138577
1 0.684729 0.344569 0.0394089 0.0973783
0 0.397783 0.151685 0.0270936 0.093633
0 0.481527 0.159176 0.0270936 0.093633
0 0.555419 0.337079 0.0369458 0.0898876
1 0.564039 0.44382 0.0344828 0.123596
1 0.407635 0.679775 0.0369458 0.131086
1 0.821429 0.432584 0.0418719 0.123596
1 0.445813 0.681648 0.0394089 0.134831
1 0.48399 0.685393 0.0369458 0.134831
1 0.70936 0.164794 0.0344828 0.104869
0 0.562808 0.162921 0.0270936 0.101124
1 0.144089 0.687266 0.0418719 0.138577
0 0.341133 0.149813 0.0270936 0.0898876
1 0.246305 0.320225 0.0344828 0.116105
0 0.162562 0.140449 0.0344828 0.093633
1 0.518473 0.685393 0.0369458 0.134831
1 0.10468 0.683521 0.0517241 0.146067
1 0.551724 0.683521 0.0394089 0.123596
0 0.902709 0.861423 0.0566502 0.134831
1 0.703202 0.440075 0.0418719 0.131086
1 0.203202 0.434457 0.0369458 0.11236
0 0.715517 0.342697 0.0418719 0.093633
1 0.219212 0.689139 0.044335 0.134831
1 0.210591 0.320225 0.0369458 0.116105
1 0.194581 0.146067 0.0295567 0.0898876
0 0.368227 0.151685 0.0270936 0.093633
1 0.174877 0.320225 0.0344828 0.116105
1 0.369458 0.681648 0.0394089 0.134831
0 0.736453 0.162921 0.0344828 0.101124
1 0.237685 0.434457 0.0369458 0.11236
1 0.859606 0.867041 0.0591133 0.138577
1 0.658867 0.445693 0.0320197 0.127341
0 0.800493 0.335206 0.0394089 0.093633
1 0.616995 0.161049 0.0320197 0.0973783
1 0.762315 0.162921 0.0369458 0.101124
1 0.257389 0.691011 0.0418719 0.131086
1 0.294335 0.691011 0.0418719 0.131086
1 0.656404 0.67603 0.0418719 0.123596
1 0.660098 0.162921 0.0344828 0.101124
1 0.745074 0.679775 0.0418719 0.116105
1 0.168719 0.438202 0.0369458 0.11236
0 0.774631 0.335206 0.0418719 0.093633
1 0.692118 0.679775 0.0394089 0.116105
1 0.586207 0.681648 0.044335 0.127341
0 0.519704 0.872659 0.044335 0.134831
0 0.142857 0.322097 0.0394089 0.11236
1 0.479064 0.876405 0.046798 0.142322
1 0.820197 0.865169 0.0591133 0.142322
1 0.778325 0.859551 0.0591133 0.138577
1 0.130542 0.430712 0.044335 0.11985
1 0.62069 0.681648 0.0492611 0.127341
0 0.561576 0.868914 0.0492611 0.134831
0 0.738916 0.861423 0.0541872 0.134831
0 0.605911 0.876405 0.0541872 0.134831
0 0.649015 0.867041 0.0566502 0.123596
0 0.694581 0.861423 0.0541872 0.11985
